0.255742451E+02
0.700000000E-13
0.300000000E-13
0.261503321E+02
0.700000000E-13
0.300000000E-13
0.267284023E+02
0.700000000E-13
0.300000000E-13
0.273086871E+02
0.700000000E-13
0.300000000E-13
0.278912918E+02
0.700000000E-13
0.300000000E-13
0.284762659E+02
0.700000000E-13
0.300000000E-13
0.290636286E+02
0.700000000E-13
0.300000000E-13
0.296533808E+02
0.700000000E-13
0.300000000E-13
0.302455112E+02
0.700000000E-13
0.300000000E-13
0.308399997E+02
0.700000000E-13
0.300000000E-13
0.314368203E+02
0.700000000E-13
0.300000000E-13
0.320359416E+02
0.700000000E-13
0.300000000E-13
0.326373289E+02
0.700000000E-13
0.300000000E-13
0.332409439E+02
0.700000000E-13
0.300000000E-13
0.338467460E+02
0.700000000E-13
0.300000000E-13
0.344546922E+02
0.700000000E-13
0.300000000E-13
0.350647370E+02
0.700000000E-13
0.300000000E-13
0.356768326E+02
0.700000000E-13
0.300000000E-13
0.362909282E+02
0.700000000E-13
0.300000000E-13
0.369069704E+02
0.700000000E-13
0.300000000E-13
0.375249038E+02
0.700000000E-13
0.300000000E-13
0.381446708E+02
0.700000000E-13
0.300000000E-13
0.387662128E+02
0.700000000E-13
0.300000000E-13
0.393894707E+02
0.700000000E-13
0.300000000E-13
0.400143860E+02
0.700000000E-13
0.300000000E-13
0.406409018E+02
0.700000000E-13
0.300000000E-13
0.412689623E+02
0.700000000E-13
0.300000000E-13
0.418985143E+02
0.700000000E-13
0.300000000E-13
0.425295058E+02
0.700000000E-13
0.300000000E-13
0.431618870E+02
0.700000000E-13
0.300000000E-13
0.437956093E+02
0.700000000E-13
0.300000000E-13
0.444306251E+02
0.700000000E-13
0.300000000E-13
0.450668879E+02
0.700000000E-13
0.300000000E-13
0.457043520E+02
0.700000000E-13
0.300000000E-13
0.463429723E+02
0.700000000E-13
0.300000000E-13
0.469827041E+02
0.700000000E-13
0.300000000E-13
0.476235035E+02
0.700000000E-13
0.300000000E-13
0.482653267E+02
0.700000000E-13
0.300000000E-13
0.489081304E+02
0.700000000E-13
0.300000000E-13
0.495518717E+02
0.700000000E-13
0.300000000E-13
0.501965081E+02
0.700000000E-13
0.300000000E-13
0.508419974E+02
0.700000000E-13
0.300000000E-13
0.514882978E+02
0.700000000E-13
0.300000000E-13
0.521353678E+02
0.700000000E-13
0.300000000E-13
0.527831665E+02
0.700000000E-13
0.300000000E-13
0.534316533E+02
0.700000000E-13
0.300000000E-13
0.540807878E+02
0.700000000E-13
0.300000000E-13
0.547305307E+02
0.700000000E-13
0.300000000E-13
0.553808428E+02
0.700000000E-13
0.300000000E-13
0.560316857E+02
0.700000000E-13
0.300000000E-13
0.566830218E+02
0.700000000E-13
0.300000000E-13
0.573348141E+02
0.700000000E-13
0.300000000E-13
0.579870263E+02
0.700000000E-13
0.300000000E-13
0.586396228E+02
0.700000000E-13
0.300000000E-13
0.592925683E+02
0.700000000E-13
0.300000000E-13
0.599458276E+02
0.700000000E-13
0.300000000E-13
0.605993653E+02
0.700000000E-13
0.300000000E-13
0.612531452E+02
0.700000000E-13
0.300000000E-13
0.619071299E+02
0.700000000E-13
0.300000000E-13
0.625612796E+02
0.700000000E-13
0.300000000E-13
0.632155516E+02
0.700000000E-13
0.300000000E-13
0.638698986E+02
0.700000000E-13
0.300000000E-13
0.645242668E+02
0.700000000E-13
0.300000000E-13
0.648943536E+02
0.700000000E-13
0.300000000E-13
0.652215373E+02
0.700000000E-13
0.300000000E-13
0.655486876E+02
0.700000000E-13
0.300000000E-13
0.658757945E+02
0.700000000E-13
0.300000000E-13
0.662028486E+02
0.700000000E-13
0.300000000E-13
0.665298406E+02
0.700000000E-13
0.300000000E-13
0.668567629E+02
0.700000000E-13
0.300000000E-13
0.671836097E+02
0.700000000E-13
0.300000000E-13
0.675103768E+02
0.700000000E-13
0.300000000E-13
0.678370619E+02
0.700000000E-13
0.300000000E-13
0.681636635E+02
0.700000000E-13
0.300000000E-13
0.684901811E+02
0.700000000E-13
0.300000000E-13
0.688166148E+02
0.700000000E-13
0.300000000E-13
0.691429649E+02
0.700000000E-13
0.300000000E-13
0.694692321E+02
0.700000000E-13
0.300000000E-13
0.697954174E+02
0.700000000E-13
0.300000000E-13
0.701215220E+02
0.700000000E-13
0.300000000E-13
0.704475473E+02
0.700000000E-13
0.300000000E-13
0.707734948E+02
0.700000000E-13
0.300000000E-13
0.710993660E+02
0.700000000E-13
0.300000000E-13
0.714251628E+02
0.700000000E-13
0.300000000E-13
0.717508868E+02
0.700000000E-13
0.300000000E-13
0.720765401E+02
0.700000000E-13
0.300000000E-13
0.724021243E+02
0.700000000E-13
0.300000000E-13
0.727276416E+02
0.700000000E-13
0.300000000E-13
0.730530937E+02
0.700000000E-13
0.300000000E-13
0.733784825E+02
0.700000000E-13
0.300000000E-13
0.737038100E+02
0.700000000E-13
0.300000000E-13
0.740290778E+02
0.700000000E-13
0.300000000E-13
0.743542879E+02
0.700000000E-13
0.300000000E-13
0.746794417E+02
0.700000000E-13
0.300000000E-13
0.750045411E+02
0.700000000E-13
0.300000000E-13
0.753295874E+02
0.700000000E-13
0.300000000E-13
0.756545820E+02
0.700000000E-13
0.300000000E-13
0.759795262E+02
0.700000000E-13
0.300000000E-13
0.763044211E+02
0.700000000E-13
0.300000000E-13
0.766292676E+02
0.700000000E-13
0.300000000E-13
0.769540664E+02
0.700000000E-13
0.300000000E-13
0.772788180E+02
0.700000000E-13
0.300000000E-13
0.776035228E+02
0.700000000E-13
0.300000000E-13
0.779281807E+02
0.700000000E-13
0.300000000E-13
0.782527915E+02
0.700000000E-13
0.300000000E-13
0.785773543E+02
0.700000000E-13
0.300000000E-13
0.789018681E+02
0.700000000E-13
0.300000000E-13
0.792263315E+02
0.700000000E-13
0.300000000E-13
0.795507422E+02
0.700000000E-13
0.300000000E-13
0.798750978E+02
0.700000000E-13
0.300000000E-13
0.801993948E+02
0.700000000E-13
0.300000000E-13
0.805236293E+02
0.700000000E-13
0.300000000E-13
0.808477964E+02
0.700000000E-13
0.300000000E-13
0.811718904E+02
0.700000000E-13
0.300000000E-13
0.814959046E+02
0.700000000E-13
0.300000000E-13
0.818198315E+02
0.700000000E-13
0.300000000E-13
0.821436623E+02
0.700000000E-13
0.300000000E-13
0.824673874E+02
0.700000000E-13
0.300000000E-13
0.827909962E+02
0.700000000E-13
0.300000000E-13
0.831144772E+02
0.700000000E-13
0.300000000E-13
0.834378185E+02
0.700000000E-13
0.300000000E-13
0.837610075E+02
0.700000000E-13
0.300000000E-13
0.840840319E+02
0.700000000E-13
0.300000000E-13
0.844068798E+02
0.700000000E-13
0.300000000E-13
0.847295403E+02
0.700000000E-13
0.300000000E-13
0.850520041E+02
0.700000000E-13
0.300000000E-13
0.853742640E+02
0.700000000E-13
0.300000000E-13
0.856963155E+02
0.700000000E-13
0.300000000E-13
0.860181574E+02
0.700000000E-13
0.300000000E-13
0.863397917E+02
0.700000000E-13
0.300000000E-13
0.866612242E+02
0.700000000E-13
0.300000000E-13
0.869824642E+02
0.700000000E-13
0.300000000E-13
0.873035245E+02
0.700000000E-13
0.300000000E-13
0.876244212E+02
0.700000000E-13
0.300000000E-13
0.879451731E+02
0.700000000E-13
0.300000000E-13
0.882658014E+02
0.700000000E-13
0.300000000E-13
0.885863292E+02
0.700000000E-13
0.300000000E-13
0.889067810E+02
0.700000000E-13
0.300000000E-13
0.892271829E+02
0.700000000E-13
0.300000000E-13
0.895475605E+02
0.700000000E-13
0.300000000E-13
0.898679410E+02
0.700000000E-13
0.300000000E-13
0.901883506E+02
0.700000000E-13
0.300000000E-13
0.905088152E+02
0.700000000E-13
0.300000000E-13
0.908293617E+02
0.700000000E-13
0.300000000E-13
0.911500133E+02
0.700000000E-13
0.300000000E-13
0.914707955E+02
0.700000000E-13
0.300000000E-13
0.917917314E+02
0.700000000E-13
0.300000000E-13
0.921128414E+02
0.700000000E-13
0.300000000E-13
0.924341496E+02
0.700000000E-13
0.300000000E-13
0.927556727E+02
0.700000000E-13
0.300000000E-13
0.930774313E+02
0.700000000E-13
0.300000000E-13
0.933994434E+02
0.700000000E-13
0.300000000E-13
0.937217230E+02
0.700000000E-13
0.300000000E-13
0.940442889E+02
0.700000000E-13
0.300000000E-13
0.943671526E+02
0.700000000E-13
0.300000000E-13
0.946903282E+02
0.700000000E-13
0.300000000E-13
0.950138293E+02
0.700000000E-13
0.300000000E-13
0.953376641E+02
0.700000000E-13
0.300000000E-13
0.956618460E+02
0.700000000E-13
0.300000000E-13
0.959863822E+02
0.700000000E-13
0.300000000E-13
0.963112818E+02
0.700000000E-13
0.300000000E-13
0.966365533E+02
0.700000000E-13
0.300000000E-13
0.969622014E+02
0.700000000E-13
0.300000000E-13
0.972882347E+02
0.700000000E-13
0.300000000E-13
0.976146564E+02
0.700000000E-13
0.300000000E-13
0.979414723E+02
0.700000000E-13
0.300000000E-13
0.982686861E+02
0.700000000E-13
0.300000000E-13
0.985963005E+02
0.700000000E-13
0.300000000E-13
0.989243194E+02
0.700000000E-13
0.300000000E-13
0.992527437E+02
0.700000000E-13
0.300000000E-13
0.995815760E+02
0.700000000E-13
0.300000000E-13
0.999108167E+02
0.700000000E-13
0.300000000E-13
0.100240467E+03
0.700000000E-13
0.300000000E-13
0.100570527E+03
0.700000000E-13
0.300000000E-13
0.100900995E+03
0.700000000E-13
0.300000000E-13
0.101231873E+03
0.700000000E-13
0.300000000E-13
0.101563158E+03
0.700000000E-13
0.300000000E-13
0.101894849E+03
0.700000000E-13
0.300000000E-13
0.102226945E+03
0.700000000E-13
0.300000000E-13
0.102559443E+03
0.700000000E-13
0.300000000E-13
0.102892341E+03
0.700000000E-13
0.300000000E-13
0.103225636E+03
0.700000000E-13
0.300000000E-13
0.103559325E+03
0.700000000E-13
0.300000000E-13
